k: 000, amp: (0.3535533905932737+0.3535533905932737j)
k: 100, amp: (0.3535533905932737-0.3535533905932737j)
k: 001, amp: (-0.3535533905932737+0.3535533905932737j)
k: 101, amp: (-0.3535533905932737-0.3535533905932737j)
